! 0 200 200 1664 1
PAGE-WIDTH 576
;顺丰派件存根
LINE 0 40 544 40 1
;一维条码
B 128 3 2 120 80 54 000000000000
TEXT 4 0 105 182 000  000  000  000
BOX 0 224 544 792 1
LINE 0 352 544 352 1
LINE 0 456 544 456 1
LINE 0 536 544 536 1
LINE 0 696 544 696 1
LINE 0 760 544 760 1

LINE 408 296 544 296 1
LINE 272 568 544 568 1
LINE 272 600 544 600 1
LINE 272 632 544 632 1
LINE 272 664 544 664 1

LINE 136 696 136 760 1
LINE 408 224 408 456 1
LINE 272 456 272 791 1
LINE 408 536 408 760 1

SETBOLD 1
TEXT 24 0 16 228 寄件方信息：
TEXT 24 0 432 232 自取
TEXT 24 0 432 264 自寄
TEXT 24 0 420 300 原寄地
SETBOLD 0
TEXT 24 0 16 256 深圳市福永仓储配送仓库
TEXT 24 0 16 292 天猫华为官方旗舰店  王超
TEXT 24 0 16 320 0755-33913633
TEXT 24 0 452 326 755CT
BOX 492 228 524 258 1
BOX 492 262 524 294 1
SETBOLD 1
TEXT 24 0 16 356 收件方信息：
TEXT 24 0 420 356 目的地
SETBOLD 0
TEXT 24 0 16 388 河南南阳镇平县镇平县城关二小
TEXT 24 0 16 428 个人 许建 15838729023
SETBOLD 1
TEXT 4 1 432 376 377
SETBOLD 1
TEXT 24 0 16 460 托寄物品信息：
TEXT 24 0 288 460 附加服务：
SETBOLD 0
TEXT 55 0 40 488 电脑1台
TEXT 55 0 320 488 保价1000元
SETBOLD 1
TEXT 24 0 16 544 业务类型:
TEXT 24 0 16 584 付款方式：
TEXT 24 0 16 624 月结账号：
TEXT 24 0 16 664 第三方地区：
TEXT 24 0 288 540 件数
TEXT 24 0 288 572 实际重量
TEXT 24 0 288 604 费用
TEXT 24 0 288 636 计费重量
TEXT 24 0 288 668 费用合计
SETBOLD 0
TEXT 55 0 136 548 标准快递
TEXT 55 0 424 544 1
TEXT 55 0 136 588 寄付
TEXT 55 0 424 576 1
TEXT 55 0 136 628 7551234567
TEXT 55 0 424 608 1
TEXT 55 0 424 640 12
TEXT 55 0 424 672 12
SETBOLD 1
TEXT 24 0 16 700 寄方签名：
TEXT 24 0 152 700 收件员：
TEXT 24 0 288 700 收方签名：
TEXT 24 0 424 700 派件员：
SETBOLD 0
TEXT 55 0 152 728 123456
SETBOLD 1
TEXT 24 0 16 764 寄件日期：
TEXT 24 0 288 764 派件日期：
SETBOLD 0
TEXT 55 0 136 768 2013/04/31
TEXT 55 0 408 768 2013/05/04
SETBOLD 1
TEXT 24 0 548 600 顺
TEXT 24 0 548 632 丰
TEXT 24 0 548 664 派
TEXT 24 0 548 696 件
TEXT 24 0 548 728 存
TEXT 24 0 548 760 根

;收件客户存根

BOX 0 808 544 1144 1
LINE 0 840 544 840 1
LINE 0 992 544 992 1
LINE 0 1080 400 1080 1
LINE 0 1112 400 1112 1
LINE 272 808 272 992 1
LINE 400 992 400 1143 1
SETBOLD 1
TEXT 24 0 16 812 顺丰速运
TEXT 24 0 288 812 运单号码:
TEXT 24 0 16 848 寄件方信息：
TEXT 24 0 288 848 托寄物信息：
TEXT 24 0 16 996 收件方信息：
TEXT 24 0 416 996 顺丰APPS
TEXT 24 0 16 1084 费用合计:
TEXT 24 0 16 1116 付款方式：
SETBOLD 0
TEXT 24 0 128 812 4008111111
TEXT 24 0 398 812 000000000000
TEXT 24 0 16 880 深圳市福永仓储配送仓
TEXT 24 0 16 908 库深圳天猫华为官方旗
TEXT 24 0 16 936 舰店 王超 15838729023
TEXT 24 0 16 964 0755-33913633 
TEXT 55 0 312 884 电脑1台
TEXT 24 0 16 1024 河南南阳镇平县镇平县城关二小河南
TEXT 24 0 16 1052 城关二小 个人 许建 15838729023
TEXT 55 0 152 1088 12
TEXT 55 0 152 1120 寄付
B QR 416 1024 M 2 U 3 
MA,TO: 河南南阳镇平县镇平县城关二小 许建 15838729023 1/1件，电脑，数量1，1KG；标准快递；运费12元`
ENDQR
SETBOLD 1
TEXT 24 0 548 884 收
TEXT 24 0 548 916 件
TEXT 24 0 548 948 客
TEXT 24 0 548 980 户
TEXT 24 0 548 1012 存
TEXT 24 0 548 1044 根

;寄件客户存根
BOX 0 1160 544 1664 1
LINE 0 1272 544 1272 1
LINE 0 1336 544 1336 1
LINE 0 1440 544 1440 1
LINE 0 1504 544 1504 1
LINE 272 1536 544 1536 1 
LINE 272 1568 544 1568 1 
LINE 272 1600 544 1600 1 
LINE 272 1632 544 1632 1
LINE 408 1272 408 1336 1 
LINE 272 1440 272 1664 1 
LINE 408 1440 408 1664 1 

B 128 3 2 40 80 1176 000000000000
TEXT 4 0 105 1224 000  000  000  000
SETBOLD 1
TEXT 24 0 16 1276 寄件方信息：
TEXT 24 0 416 1276 目的地
TEXT 24 0 16 1340 收件方信息：
TEXT 24 0 16 1444 托寄物品信息：
TEXT 24 0 288 1444 附加服务：
TEXT 24 0 16 1512 业务类型：
TEXT 24 0 16 1552 付款方式：
TEXT 24 0 16 1592 月结账号：
TEXT 24 0 16 1632 第三方地区：
TEXT 24 0 288 1508 件数
TEXT 24 0 288 1540 实际重量
TEXT 24 0 288 1572 计费重量
TEXT 24 0 288 1604 费用
TEXT 24 0 288 1636 费用合计
SETBOLD 0
TEXT 24 0 16 1308 王超0755-33913633 15838729023
TEXT 24 0 474 1308 377
TEXT 24 0 16 1372 河南南阳镇平县镇平县城关二小河南 
TEXT 24 0 16 1412 城关二小  个人 许建 15838729023
TEXT 55 0 40 1476 电脑1台
TEXT 55 0 312 1484 保价1000元
TEXT 55 0 136 1516 标准快递
TEXT 55 0 136 1556 寄付
TEXT 55 0 136 1596 7551234567 
TEXT 55 0 424 1512 1
TEXT 55 0 424 1544 1
TEXT 55 0 424 1576 1
TEXT 55 0 424 1608 12
TEXT 55 0 424 1640 12
SETBOLD 1
TEXT 24 0 548 1464 寄
TEXT 24 0 548 1496 件
TEXT 24 0 548 1528 客
TEXT 24 0 548 1560 户
TEXT 24 0 548 1592 存
TEXT 24 0 548 1624 根
SETBOLD 0
GAP-SENSE
FORM
PRINT 
